#%YAML:1.0

#--------------------------------------------------------------------------------------------
# Camera Parameters. Adjust them!
#--------------------------------------------------------------------------------------------

FrontFCamera.fx: 3463.72585
FrontFCamera.fy: 3231.6537
FrontFCamera.cx: 1071.41798 
FrontFCamera.cy: 333.628077
FrontFCamera.k1: 0.57213461
FrontFCamera.k2: -11.5549736 
FrontFCamera.k3:   57.43673517
FrontFCamera.k4: 0

FrontRCamera.fx: 1108.511882005813
FrontRCamera.fy: 1125.614075577118
FrontRCamera.cx: 1075.7869363208667
FrontRCamera.cy: 536.6929056925013
FrontRCamera.k1: -0.51278417
FrontRCamera.k2: -0.51742545
FrontRCamera.k3:  3.74786421
FrontRCamera.k4: 0

FrontLCamera.fx: 5367.4025062794535
FrontLCamera.fy: 4007.032406647098
FrontLCamera.cx: 947.058474924855
FrontLCamera.cy: 541.3257781257621
FrontLCamera.k1: 3.55427205
FrontLCamera.k2: -1164.6404438 
FrontLCamera.k3: -4.17346434
FrontLCamera.k4: 0


BackBCamera.fx: 1085.0399354236388
BackBCamera.fy: 1096.592572541551 
BackBCamera.cx: 731.8290785553396
BackBCamera.cy: 641.5759721924595
BackBCamera.k1: 0.09030105
BackBCamera.k2: -0.85380452 
BackBCamera.k3: 1.20505794
BackBCamera.k4: 0

BackRCamera.fx: 906.1195009984746
BackRCamera.fy: 1092.73914569905
BackRCamera.cx: 961.6913991861175
BackRCamera.cy: 590.1856639009302
BackRCamera.k1: -1.18729241
BackRCamera.k2: 19.74982105
BackRCamera.k3: -133.71558314
BackRCamera.k4: 0

BackLCamera.fx: 468.65936980390285
BackLCamera.fy: 471.3255784982322 
BackLCamera.cx: 1051.3546837405372
BackLCamera.cy: 557.9158939939299 
BackLCamera.k1: -0.2546635
BackLCamera.k2: 0.57661026
BackLCamera.k3: -0.7603401 
BackLCamera.k4: 0

####
#How many points will be used in the optimization process
#Iterations the optimization process will continue
PointsNumber: 72
Intervals: 10000
#None , Huber , Cauchy , Tukey
RobustKernel: Huber